
9352663194
8432817333
13115121602
7641362258
12740075940
14251263585
9182041117
8228353020
14393285240
7773183739
8050409174
13868058015
8485798539
11390737537
12057147380
8115605128
10885334934
14611162278
11149802922
8035650875
7578403291
7623389132
8331282790
10936916228
12742294395
9105453136
14455073391
11582859533
7832051437
8502226495
7387185399
9671406064
10938947115
9742558893
11566394918
8380462069
10393646947
11252099917
10018103174
11085099640
7916475164
7494842810
11709866947
8450755743
8701236931
9773694222
14252517558
10029410816
12425376871
8394485128
9767999677
12315545723
14508423424
10838030076
7514981687
7753425028
10376158706
14285018770
14179054692
9534345106
12332868687
9337694735
13126701224
7725619284
8445685248
8277669857
10496461357
8758226313